00000000000000000010101001001110
00000101000000011000000000000001
00010000000000000000000000000000
00100000001000100000100001000001
00000001000000000000000000000000
00000000000000000000001000010001
01000000000100000100000000000000
00100101000001000000000010001100
00000000000000000000001000000000
01000100000000000001100000000000
00000000010000001000000000000000
01000100001000000000000100000000
00000001000000000000000001100000
00010000000000000000000000000000
00000000000000100001010000000000
00000000000000000000000000000000
